191
63
211
59
76
66
13
211
250
87
60
233
19
235
149
250
63
74
55
220
195
81
49
42
214
38
53
170
97
25
252
73
0
10
184
131
102
189
157
143
62
237
180
242
131
168
232
1
4
30
48
220
97
243
114
149
158
120
110
78
63
196
135
13
11
147
65
24
45
9
89
163
158
230
33
39
181
234
125
153
146
137
9
205
53
132
78
162
103
28
76
235
198
57
0
227
219
97
213
0
151
117
217
250
104
110
178
182
206
244
63
26
237
122
3
90
138
77
247
182
162
10
233
40
111
19
99
201
211
199
97
220
57
250
23
226
243
25
123
93
54
31
188
137
131
196
195
162
15
38
227
144
211
177
89
41
102
212
226
252
58
132
143
119
204
165
202
30
125
5
157
12
59
53
235
78
46
233
135
79
229
108
109
135
136
120
229
134
81
13
246
172
232
69
17
250
241
173
115
252
85
111
182
195
33
21
173
136
171
239
176
138
59
218
102
5
227
16
193
186
184
35
124
134
169
130
140
76
183
188
145
216
227
82
249
62
10
47
163
112
5
226
36
90
227
219
15
186
48
250
185
161
150
21
94
148
