2153
3529
2221
3835
227
793
1271
1500
998
812
424
783
2264
32
712
1862
3996
3682
2230
3367
3844
3980
84
2172
348
1190
3117
2963
3567
2053
3403
175
1960
1706
2125
526
1190
3781
3797
1969
2123
3579
2468
457
4040
88
2515
2533
1330
1022
782
3369
452
579
2769
1486
3631
2807
1479
2607
1961
2432
2641
188
3843
1300
2678
2346
2308
2154
3761
2030
1630
868
783
1611
3781
4079
38
443
1081
3867
3750
3187
1835
2953
1746
1873
1081
616
594
3443
812
3517
3891
2747
921
947
3232
176
3315
919
1473
3820
318
3557
986
1065
1637
2219
4031
4003
2696
771
771
1376
2766
2840
3288
1543
3978
799
1291
4049
1852
1776
852
3089
1594
2377
603
1324
545
2914
3923
3244
1372
512
413
2195
3154
2316
1170
212
1453
2851
526
2507
905
2197
2544
717
553
1097
907
3899
2304
2815
3605
4064
3830
2039
1794
3669
1482
2467
3356
1747
460
505
172
236
2597
818
2170
3515
3709
3511
3329
961
1240
3239
3021
3206
1644
2116
2341
1638
3169
2389
909
776
2733
3416
2034
3951
3239
3053
1299
257
1437
3171
3505
192
343
921
700
3360
2735
848
1521
3972
1864
3046
617
1177
2389
1936
2253
2399
3461
3199
2260
118
699
2917
3932
1264
2527
3689
2275
1909
2371
3452
2534
3833
3132
1947
796
927
3216
2848
1504
1758
0
2960
3901
2488
1291
659
1421
3443
2897
3993
2015
3527
1708
562
1946
1915
2326
1138
3813
1022
3092
2905
458
627
1038
3017
120
1903
2239
1054
3933
1471
3913
2076
2567
257
855
561
2448
1125
2813
3985
2789
51
5
628
3873
3114
903
1805
1203
1345
3541
1252
1656
1496
1039
2574
769
121
2557
754
1471
47
3638
1420
803
1383
61
3887
954
753
3262
49
1888
462
2077
217
1273
2599
2087
294
834
77
3152
2987
391
2764
434
4012
506
3266
2829
3262
229
404
847
414
2924
1387
1178
2150
974
2721
2422
3329
146
3865
2046
566
1485
3476
3811
425
3218
1149
3333
116
2935
1132
473
765
3339
286
3745
3748
1420
3390
1625
4034
2486
1839
221
4041
3369
3832
379
3571
2464
1249
2658
2167
388
4042
3818
2912
2795
2475
2783
2740
3249
282
804
266
2338
3646
3420
2607
2609
2125
2848
1768
1490
2760
4036
1596
2056
3553
1133
2020
3902
1647
1975
2160
367
3291
0
2726
2478
183
4
709
284
2973
1357
2806
2279
514
479
3712
134
1247
2910
2330
293
755
2355
3635
2400
890
2586
231
232
1028
1081
113
1795
3699
3823
2285
4014
3670
943
1781
1592
2959
1427
2865
2236
3364
2791
1616
2935
1685
1960
3299
1230
3082
3349
3373
2378
295
1140
107
427
2480
2070
1965
2855
1019
3321
1548
804
2107
1050
866
3025
3351
2107
2686
1616
1327
2945
702
2494
2146
1907
144
3422
2386
3666
1010
4084
4085
661
799
2178
3691
2469
3705
1553
25
616
3941
3880
3205
1145
1191
3901
2041
1818
3277
3011
2755
323
2803
3335
2991
33
3894
3099
150
1485
1455
305
1624
3285
2747
2108
2950
433
1871
1968
886
3105
3286
708
2951
1798
3417
2350
3572
3381
3550
1621
3124
2208
2193
1442
2250
2853
3980
1493
3094
1406
1492
3722
2342
495
390
1787
1134
461
167
2215
3285
3152
2942
395
3033
2845
1618
1553
2160
1898
1467
169
3178
1860
2291
2762
2217
818
1179
1876
2748
912
1229
2027
4085
3382
2493
3386
1719
1210
1956
3037
1667
1569
3658
3537
188
1893
464
255
3448
561
3322
2202
1566
1159
2878
1913
4093
129
2097
1859
1709
1428
900
731
1212
3545
185
1129
2686
226
2952
2200
2317
3209
3167
1121
2769
2060
2399
2365
1038
3175
2266
2200
863
2020
837
970
913
3097
1843
3520
2596
969
1463
65
1740
1852
3573
3351
2843
1245
2559
1317
2889
3103
1351
461
2840
2323
3735
2635
4032
1838
1829
3230
362
1428
2355
750
3581
570
1971
2411
2716
3176
2844
2238
2321
599
1496
1195
27
1542
3125
2587
1969
2054
759
2382
68
1192
1707
3717
2976
2773
487
2741
2258
290
3601
3506
3751
3015
220
2579
588
3855
1879
1940
939
2097
2132
690
3732
2342
3267
1568
3852
483
415
1331
1634
3475
2240
1107
3192
2266
757
1792
503
3617
3348
399
2582
1740
3245
2275
4082
2094
189
3106
214
3426
857
1459
2754
3370
3684
2636
104
1259
1358
2266
203
3501
1823
3562
605
756
3910
2919
3535
1768
448
3155
913
1548
2946
1585
1265
1163
3559
2534
3353
1703
270
1950
507
4072
2944
1807
3685
3063
1382
3140
1638
111
2862
921
397
3889
534
2753
2813
355
2773
3155
2070
4003
370
1231
2491
1241
2589
3866
720
3724
2529
452
1257
1272
1665
434
2507
2739
1499
2351
2110
397
3136
175
2712
294
4063
1946
3895
2544
532
3373
659
695
1396
2804
140
2390
2179
2523
2306
1053
617
2146
2588
1691
768
2655
2422
464
1610
454
2660
1951
2349
740
2532
38
2336
1670
3328
3153
204
2335
385
3129
2657
175
3703
3460
3618
992
3461
2729
3346
1466
235
2226
4028
2752
1937
1620
3799
2271
1827
734
3267
1119
1654
662
1263
1025
3503
680
2365
1771
1470
697
2488
1008
705
3044
2748
3265
627
671
1946
3263
3234
1477
2401
1324
3101
1005
739
968
1156
2028
1282
2114
2063
1605
2919
1507
1988
648
3269
3144
707
320
2109
2587
1164
467
2159
2772
1779
874
3170
2892
3
3610
3618
3166
3274
609
400
3496
1058
3764
1318
462
3229
3547
2009
95
2452
20
1767
3308
2086
2379
3169
1844
3796
2915
2606
2703
842
3695
3983
1010
274
220
2595
3015
2597
1537
3085
1128
1357
3409
2694
3599
1273
2902
2773
1688
63
3885
1301
3609
3174
962
3708
652
697
3928
255
1157
69
778
4081
1873
3386
1875
1198
2151
526
819
2495
1848
381
1804
3134
2080
240
3991
1024
3779
757
2739
853
1734
278
2322
2782
273
2077
801
22
492
490
2984
970
1278
1465
2602
1600
569
3970
3343
563
3735
2839
1894
3504
4087
676
1794
3002
472
2705
2515
1456
1107
2117
2120
3487
3357
1165
3830
1971
1973
3459
3052
2392
3075
3169
2247
3935
3632
4021
1798
1245
1524
1664
303
3021
3017
315
2852
1173
3796
3456
2918
1650
3018
838
1348
84
990
125
2545
3808
51
751
2016
819
742
2213
2738
2112
197
1148
407
1709
3803
1407
2491
3379
3065
728
376
3229
2445
2037
3935
315
4023
704
1531
386
80
728
1607
1002
2904
331
3136
2176
3908
3326
779
328
270
3079
2593
3442
1461
3317
2067
3352
2454
1517
3887
1647
3345
2168
1613
738
649
12
1735
3566
3003
2771
1419
3007
3446
3812
4044
235
1275
1174
3603
3147
3183
1513
1458
268
20
3292
70
2314
1902
470
2575
538
2459
2230
3817
1570
3462
2030
3530
948
3027
33
3326
2065
1182
3201
1452
1144
1251
328
193
1707
726
3444
3834
2671
3218
669
705
2425
3500
1735
3682
3549
1557
2733
2484
1308
1108
3727
1372
1843
1620
363
501
3140
3203
3060
2278
1824
794
498
619
3133
897
351
3900
2163
3136
3506
1981
3347
2059
1294
493
1706
3367
546
2725
1962
3334
1238
1423
456
578
2330
1612
2363
2292
517
2279
2116
3292
2323
2172
2822
611
197
2652
637
3491
3740
3768
3827
3729
919
3077
124
3548
618
238
1658
1221
1793
1213
600
3751
119
3301
2026
3813
2978
3857
3556
1521
3003
3133
4030
3594
1384
1524
233
321
2085
2562
3996
229
3539
2726
3712
2004
2176
3267
2822
2308
3231
1838
1963
1774
2322
3651
2742
1031
3688
1381
949
1441
203
681
812
3612
849
900
852
4035
2803
3669
2247
3115
226
3236
776
2822
2414
2879
1102
3394
460
1477
3223
3271
1153
1316
3504
3309
3191
1593
1531
2885
2178
3670
78
613
1462
1442
3244
2462
880
3714
1021
885
15
2278
3928
784
3331
83
2156
1374
453
961
3576
3998
619
2876
3479
458
924
3321
60
603
1122
877
2900
2675
306
2124
3344
2133
501
2863
3079
711
2209
2739
2868
1565
3292
1728
2805
3197
2761
2961
639
2464
3298
3570
3500
435
4030
4094
1975
3636
1882
1453
356
3519
853
1083
391
2375
1367
3740
296
1183
3319
2832
3150
3923
4027
3628
39
126
844
2740
3144
2643
2830
825
1112
3195
2220
2933
2492
1325
1609
2186
2356
3181
1912
1357
384
2570
4020
3203
2091
541
3826
3885
1401
3287
2353
3902
1261
2556
2167
1192
3147
1723
558
1644
1695
2842
815
1361
1476
889
205
2378
3191
151
2278
3075
550
3676
3483
3586
3135
1455
444
996
1456
2400
1424
3534
941
2278
3576
1263
3982
1807
3293
1354
2662
3748
3439
595
2915
3452
2657
2886
526
2086
2651
514
1920
1952
1916
405
2980
2131
2762
3649
3822
2393
2617
291
3560
3485
1833
2075
3638
2562
178
1263
1927
3540
3754
1052
1027
2482
3024
3626
281
3908
2761
2484
2919
1517
1390
1826
1831
357
2628
2340
3283
914
559
2630
688
1712
380
1012
1121
1431
2601
1776
4021
2336
571
2134
119
2607
1264
1615
1224
851
3956
236
584
2731
3395
18
3184
258
683
2029
796
3456
3841
90
2528
2840
2111
1705
3278
3462
1760
1658
1332
3430
1514
230
599
3490
1719
3873
2313
1659
2905
3745
1460
1218
745
2946
796
3317
2011
1591
3047
790
1537
2834
3125
2324
2479
1291
1370
1845
1572
1412
2137
3360
921
3377
2352
4086
3476
3993
2046
3014
3052
950
3268
3672
800
1655
1199
2105
3415
3240
3533
544
460
813
42
388
1367
4071
1352
830
1994
534
992
2094
3637
3188
2944
629
1064
2239
70
973
796
1751
2638
1054
125
2093
1864
3337
3047
717
457
311
33
262
936
2024
3011
2143
3423
1154
346
2967
18
2607
2555
294
904
907
1594
1609
3096
500
1715
860
2277
3631
2748
627
823
384
1670
1541
233
2631
1032
306
2699
3803
1922
2913
2516
3281
399
53
1210
1893
2066
3440
2026
3590
3089
2359
295
564
3321
838
3243
639
2151
3601
2898
3786
1694
3457
475
157
1099
1839
2542
2347
1911
3108
3583
1826
2590
2647
488
51
3437
175
2068
2041
1549
1174
349
1913
3762
3145
758
2263
2759
2891
39
737
1943
851
3648
2696
3646
1574
2125
1917
634
1469
496
1878
2004
1564
1925
802
3330
3596
1155
2337
154
1085
1127
2701
1641
2018
1986
2151
1064
3685
1525
1248
2486
2691
2004
1682
1237
1974
2681
2689
3146
3005
2496
1935
257
1781
953
1399
3405
1056
2768
223
2158
1453
519
407
1283
3714
2290
1758
2158
66
1404
995
1096
2630
1380
1081
1035
2263
1362
438
977
483
3776
2840
565
1345
34
2656
298
3495
3471
966
1819
2800
1345
2084
944
3526
3940
287
4085
2829
3988
2168
3871
1588
3990
2120
159
1223
3167
3774
690
734
628
3800
329
3079
1490
168
3065
842
4092
2225
4073
3989
85
4035
2847
451
1492
1400
1227
2806
2978
153
2916
2970
1406
1207
3090
1545
1320
1345
1579
3612
861
3932
3772
3764
43
3842
2321
1647
3451
3441
1292
1976
2434
307
2060
2396
1422
1912
556
2813
2252
3654
944
3025
260
3100
1290
1396
1898
3940
2378
1199
2962
3178
3424
3823
1662
1759
3721
3361
1256
2818
3362
277
2212
1568
1302
3498
239
1350
3677
1482
2573
157
2941
2995
796
2222
3055
3923
538
3787
2157
3387
300
550
2131
2687
1156
1494
845
1797
4019
347
256
3633
3482
874
491
1148
956
1683
1737
670
1292
3981
1506
18
4047
3799
1003
1684
3376
556
1551
1781
130
4046
3916
2362
2462
3488
129
862
3280
707
2515
915
1918
3080
4034
1494
319
3352
1658
1607
3019
536
2975
3911
525
857
2092
3592
75
1912
2291
955
2098
1017
311
780
1775
2715
1594
36
1908
1726
1937
3848
1201
1134
2849
3220
2112
3746
3801
50
2340
1823
2174
4048
3924
3321
3454
4017
1571
648
2957
303
3833
1650
3360
1544
1083
227
2946
2598
423
3208
1975
253
944
3727
2811
2571
1216
179
2756
2946
2068
2245
2046
3069
812
2504
2100
2590
1221
103
1223
2283
2917
1949
367
1163
928
2047
431
1602
2720
1307
1114
4069
3263
1636
3352
1226
1938
3502
1007
3129
3548
609
2388
684
2663
4084
3676
3041
680
3877
532
4032
1351
3435
370
879
3098
3347
772
2986
2291
3278
901
3501
3167
1800
1997
2651
3004
2965
667
123
3814
248
691
3349
1596
549
3657
1289
139
568
2766
3081
2308
1507
2365
80
724
941
1199
1845
147
3195
3816
1866
1690
108
2311
3105
424
3161
3990
3538
1673
1618
3056
427
3884
3959
364
1715
41
2931
1261
2830
1196
1848
1999
2013
2897
3351
1029
4045
3229
2620
3037
1609
2842
1415
2727
3906
2088
4022
146
650
2448
1691
2153
3079
4023
1781
887
2217
4020
137
772
3439
1768
1388
1940
1086
1631
3654
1823
984
1272
437
2992
3195
528
2861
1061
1949
2889
3748
1735
800
2973
2190
2123
484
3817
1712
1499
3342
555
1317
914
683
1969
1417
3372
2945
2010
3152
2236
1993
1988
3051
3139
425
2543
3941
403
1491
242
2129
2022
3002
3918
59
2326
3374
678
3679
1928
2597
3193
389
2472
2991
732
1639
1163
1573
2885
1903
1913
3500
3738
3762
255
2911
3573
342
2014
100
2908
2227
2398
3506
2368
3152
3457
796
476
3471
2315
534
3938
3512
1753
3190
3189
1792
1119
1449
3881
3234
84
3538
1942
2981
3088
1726
3456
453
3691
4052
2387
163
1517
306
3544
3587
1192
100
3696
1388
1269
215
1610
2396
3704
1211
1770
601
4049
812
3917
1486
3203
2176
2619
1713
4085
3174
3131
1056
1539
1511
3142
1933
1416
736
480
888
2182
622
3852
1547
1166
2065
704
2038
2608
1981
773
2294
3727
3625
1467
121
2714
2234
29
3119
355
1647
788
2074
1289
2025
3115
3760
3980
1432
1526
3272
3012
1452
178
3921
2273
297
3300
2514
2015
2827
438
4065
804
816
2708
784
2814
19
2405
3723
369
108
2566
982
261
1028
307
3560
3904
55
1222
910
3799
238
2082
3428
17
3401
146
2426
2253
1128
4015
3391
1961
704
2738
2245
1968
916
1306
901
2074
2438
688
1702
3454
2480
2892
525
685
3957
3096
3336
1134
1493
2833
2221
3845
2943
3942
1466
2602
3771
719
2681
2238
41
3361
3056
3933
437
1346
2293
1803
158
3006
3158
2083
3367
3955
1251
3004
980
2220
3783
3375
3661
2357
363
1881
3314
3979
51
3812
3604
345
1008
1749
123
3937
1801
3015
2395
1747
2343
3267
651
1316
2308
2629
3566
726
1689
2992
919
3302
3567
709
3867
3345
3794
427
3864
3935
2176
705
2742
2818
3648
1488
399
122
1076
2938
2546
1389
1734
4
603
3363
1428
1952
2161
3016
211
228
2256
2638
264
2621
1916
3238
2498
1072
1037
1502
3049
3800
2879
3021
2333
746
279
740
853
1743
1169
747
2134
2962
943
3622
1190
630
2731
131
2892
3810
890
1494
3164
1460
1486
483
2821
3485
239
2024
426
1874
1492
177
1974
2291
3008
3384
3770
2118
1583
2757
2877
575
3870
1380
2084
3319
990
3004
2561
2245
1953
3840
234
3414
2386
751
1315
3166
2637
2639
3010
2677
102
1558
1703
2783
3176
438
1617
42
745
2358
1628
850
2221
2658
3934
4092
1885
3843
3315
1517
4004
448
1508
1960
2293
575
452
2588
1703
2231
1117
2318
2049
2083
1926
3229
863
1177
2420
2947
2644
3652
1087
1839
90
3888
1462
3856
2660
2808
2417
2308
2683
2881
1215
2346
1840
3707
2721
920
3835
2376
4036
28
1837
3280
2549
581
3516
2366
1854
1634
3303
1160
3278
3164
1197
398
2526
458
1285
1355
1273
336
3603
2415
4054
834
2803
2614
1545
1233
1382
1328
2786
3031
865
4059
2632
3475
1213
3606
3442
370
2666
978
1697
3278
3941
1227
1441
2675
3611
1170
2469
3671
1466
3410
2966
2680
1442
885
3824
378
2518
3566
3673
3069
2433
2171
3519
435
3389
3947
3576
734
387
1937
2001
906
1067
3202
3648
521
2649
2536
3113
3537
1176
2107
576
3081
3623
773
145
452
1217
1915
3623
376
371
237
1095
1374
3896
2295
738
2698
2116
280
3689
2707
2394
33
1376
380
1630
101
2913
3057
1087
3011
2620
2751
2311
2977
3491
2934
4093
3892
3543
3402
189
2000
2002
2882
3417
3652
2305
403
1491
3498
2141
2346
727
3909
646
82
996
2649
368
3570
1857
1174
1779
2851
1430
233
2842
3920
1434
1947
327
2260
1079
846
319
2241
1188
486
2324
3371
1312
2134
788
2657
1785
3805
3358
141
498
1126
3695
3838
2013
2063
3141
1784
2097
3627
1655
713
3280
236
509
3943
2253
3607
2766
763
3107
892
1916
3259
2217
4012
2690
1012
1406
1832
3872
4067
2092
1629
1191
1889
2745
3238
3206
8
2443
1270
4013
3603
3333
1659
266
289
2895
1580
2088
2602
3245
3204
642
2902
1869
1844
4054
1407
2193
2681
2100
1608
3367
2548
3684
1552
3506
1323
2317
2628
780
2945
3730
1651
3796
2274
3454
1828
1875
1399
3059
2894
2231
1028
1847
3205
2614
3268
4013
2043
2024
3284
2418
2506
4054
3912
1359
1141
2736
1749
3417
1329
60
741
3040
3304
817
3335
1900
276
3364
3133
760
40
3129
252
1233
3161
972
2457
4066
1421
1505
1109
430
4027
3072
1839
866
3225
1685
541
3259
3237
3393
3361
1482
2340
2199
2025
1920
1005
1737
1358
3291
1414
3231
935
1710
2768
1975
1864
3303
421
3778
2661
596
805
458
2907
1373
2455
1081
1640
2715
2259
2669
2800
2073
2261
1606
3905
799
541
1037
3098
2659
4063
207
3478
3284
2699
3065
124
3758
2417
507
1481
1235
2203
2129
3148
1757
2652
884
2187
1351
1452
3291
2417
4069
2871
1428
1780
1314
1278
1448
3202
2377
1596
2360
146
2830
2773
2830
1415
3361
1179
3455
1398
2200
1869
852
3348
4087
3774
1079
1040
2896
2444
1048
1950
722
259
331
849
785
3988
3949
1164
1444
2937
4089
3152
1682
1274
3881
3260
3123
3669
810
1083
417
3956
1002
1255
3170
1759
1466
3926
894
821
3303
2961
483
2209
792
2086
1793
668
2443
4055
2273
3530
2323
756
2617
1254
3694
1699
1905
3776
59
3387
3983
1548
3149
3714
1084
3296
2486
2687
3919
1822
2315
3996
4062
3762
1803
3228
1519
2545
2270
1255
3649
1182
2731
3179
2377
1315
83
3569
1333
3219
3798
2355
1370
3550
3765
3417
3668
228
946
297
5
1042
1056
3888
829
2792
3365
3050
2746
2879
1617
3138
1271
1219
1373
138
2251
1561
1019
2910
2393
3875
2465
3219
2443
1494
3900
156
1032
3942
3162
1790
1610
1821
3471
2962
2990
298
248
2773
3495
3585
3408
2391
1993
743
1185
5
1908
2213
4017
1343
3974
2220
2406
3690
1796
1201
222
3082
3766
2522
238
1807
1117
1736
3976
97
809
3859
3926
2562
112
1234
2372
3388
587
3170
3901
1076
3101
1024
365
757
1292
244
1229
27
1635
2549
1402
3730
1719
2465
1723
3583
2771
3495
2831
4081
656
3506
528
3350
1775
20
2605
2871
2975
3664
4041
3496
716
3827
2151
3117
2634
2107
2597
3558
2025
3130
2292
3784
3055
1359
2727
1797
2024
3131
279
3948
482
4005
2499
3747
1101
477
2106
1817
3794
769
3393
2445
74
1118
4027
3054
942
2681
2868
68
1529
3267
3927
1316
4073
60
1227
945
349
2583
182
2765
3068
898
3518
2286
1225
2873
3713
1384
2235
3502
2982
1506
1101
2828
545
3960
569
2797
808
1545
2083
2156
3601
3096
2440
3178
2082
1681
236
3688
600
2212
3562
651
2535
2942
3082
2751
1211
1370
888
3212
3255
3195
560
2265
3764
2290
2973
4095
3716
3941
3774
3549
2109
3569
2629
1715
1598
2197
2883
1976
2071
1454
2510
952
707
1402
4
1133
26
3232
1901
2338
2224
3288
2107
2346
1728
3559
2533
1903
3375
420
3865
281
1530
2188
3321
1367
3863
339
2456
2837
2830
59
1356
2832
1920
3294
2159
2783
806
3328
2531
3831
1820
3270
3450
3758
3246
2458
2737
2770
1671
3024
2099
1109
3796
3794
1599
197
1254
2577
3527
632
3536
2916
2960
3405
2582
2678
2756
462
1199
3008
291
141
4029
2008
3623
2169
3061
2846
1535
3173
1930
1040
2057
3617
3907
20
3683
3779
3089
926
2310
647
3036
533
2785
4054
1398
694
2777
482
1489
738
1592
686
2936
1448
3743
614
546
1865
1156
1068
780
1511
2416
1254
297
3367
3293
2022
3873
1796
3358
4000
3631
478
1471
3334
2506
851
2050
1492
3841
1066
3116
1541
3424
3823
3310
2253
235
1650
3481
1376
3071
2364
645
1961
3959
856
3422
3916
3797
2307
65
2615
3298
1438
3991
1220
1728
3513
3777
2271
3122
1536
1250
1805
3013
2406
2277
1930
341
1533
1201
1070
457
2606
2982
3114
3276
1328
1653
1208
1589
2140
2923
2692
1492
2041
3336
363
3055
1608
1810
3713
1
530
2940
3144
340
637
2755
3153
4072
1471
3689
972
1707
2501
1790
2636
1336
2310
2485
2290
2756
3822
2891
898
104
1437
4017
2303
1859
105
1848
2959
1534
3543
3152
2769
3666
223
107
1110
2552
2341
1309
1234
2106
3937
164
3278
763
1375
1401
3195
182
3494
3018
1338
1621
1881
1430
697
2428
3946
808
2197
3060
1236
623
2353
472
1224
2351
3391
1012
1082
1298
3052
486
778
3908
3925
3686
806
46
146
2879
2871
1562
1634
2431
3077
1038
2267
2236
1073
117
1415
2641
3255
701
2192
810
3877
2087
365
207
3185
2102
2268
398
2181
3421
453
192
3499
1333
644
236
3496
2385
3402
3814
2616
1612
3800
2347
4028
1754
1732
917
2885
3217
3115
792
1936
1304
1937
631
1350
2402
1479
1579
830
779
2284
576
2165
2893
2389
3086
1715
1442
29
1699
462
1898
975
928
627
1359
871
722
1554
2035
1830
3444
2317
1006
3471
2901
171
1851
1749
132
2816
2150
1146
2840
743
3222
3502
3894
2799
533
1129
2294
1344
16
2382
613
71
934
3305
317
1035
2396
2212
657
3492
2754
1719
2278
2887
3736
545
3575
2429
2157
589
3978
433
2073
1060
1472
3020
1242
1535
99
711
4004
1644
3075
418
2249
2066
2770
2261
784
3633
217
195
3701
1354
3934
3207
1151
2040
1361
2218
3201
1800
3863
1555
1261
462
2157
3172
1579
3363
2267
1368
2317
3888
1057
2347
3444
3899
2562
497
3074
1155
1649
117
3540
1869
3679
632
1964
874
3505
2529
2162
1022
3761
2800
3807
801
3600
2323
1466
3080
3073
1384
2819
2124
2678
1617
914
1503
630
3515
1098
3712
745
1379
855
3762
1723
379
429
2857
1925
3553
3869
619
1548
4018
1203
3370
73
2533
2737
2970
624
384
3061
3869
4039
3251
2587
1407
735
1077
3884
2717
257
2476
1375
3274
2383
4030
3981
2743
3979
1426
1939
3072
2030
2295
4084
274
3150
2005
1603
4002
539
1704
375
3594
2293
2121
1418
3023
1496
2463
2734
3721
124
1671
3352
2319
1762
1167
2571
3049
1006
928
2778
2231
3491
3867
3661
2541
1990
3284
206
2608
443
157
2887
1322
2075
1643
1252
572
2518
739
3264
294
2051
187
3036
2871
2331
889
1384
2228
872
1761
569
2564
3435
647
1149
3296
440
1709
2437
1625
2377
2515
2527
3895
960
2974
2887
1725
2091
977
3565
2778
1817
3038
1835
153
3211
2866
190
3404