466
90
475
105
510
40
139
11
362
476
50
364
445
125
195
288
213
381
258
279
455
85
368
14
382
205
71
179
329
496
210
69
208
336
403
42
104
299
212
204
416
341
491
266
303
0
57
2
273
106
260
398
488
64
421
211
89
88
240
83
451
117
508
186
187
181
395
497
145
177
231
83
308
15
53
112
416
286
35
379
109
378
207
209
192
392
430
502
229
178
107
308
263
217
175
150
326
421
107
14
225
385
200
86
402
23
159
186
177
16
305
381
218
354
323
354
97
7
271
16
252
201
425
414
287
448
62
267
44
217
245
100
176
426
498
166
229
352
29
283
453
152
141
456
56
14
343
82
21
224
51
299
137
421
230
374
15
37
496
71
294
179
89
351
128
73
340
509
108
336
306
445
171
177
255
59
432
251
313
454
264
97
195
368
101
224
189
79
14
196
160
334
219
292
92
329
339
194
62
457
29
359
54
49
417
491
325
368
132
488
445
106
139
478
367
344
244
188
465
405
406
183
12
152
476
107
76
272
33
117
331
16
127
509
168
161
446
141
153
166
362
232
283
202
256
127
44
119
390
200
18
492
105
79
213
127
152
434
458
377
117
498
49
78
461
24
146
156
188
357
107
492
358
197
1
402
104
16
480
445
375
45
128
184
101
300
48
115
344
130
103
434
299
159
395
106
347
358
260
144
297
352
76
416
290
198
504
449
394
198
132
81
21
137
150
202
324
131
80
507
315
16
271
91
73
478
401
177
53
323
153
245
499
461
271
47
462
199
25
444
202
258
183
496
67
109
54
316
63
171
117
126
310
361
70
492
263
169
198
466
12
484
279
20
89
101
20
296
127
176
280
84
406
10
448
465
230
111
303
373
142
220
443
212
17
367
62
402
235
170
399
504
349
150
282
393
319
9
461
148
270
67
407
174
381
192
263
286
263
471
340
344
459
42
405
425
109
445
439
367
275
465
457
470
473
29
210
95
227
316
113
405
382
73
477
26
479
331
505
492
201
491
39
153
313
189
244
413
455
343
180
318
151
345
328
209
23
35
218
226
502
337
481
339
228
19
455
212
331
202
359
454
12
204
270
67
240
61
299
60
380
62
2
112
278
339
73
298
381
204
22
273
273
346
451
312
199
89
37
174
373
493
336
187
486
246
292
354
478
123
382
183