7764
7677
5036
1224
4582
360
6383
324
6768
4691
3738
6081
614
6903
2757
7467
7700
379
6709
1645
3895
5196
8144
3698
7169
3599
2581
346
4198
3172
3956
1624
6588
4062
4986
4788
6630
4767
1674
6757
7075
3896
2995
7408
6434
4485
720
2409
7615
3541
7316
1722
2038
958
2765
5175
4001
1122
7557
4987
922
6561
8007
2777
6230
7084
1349
3546
1288
3101
7642
3994
7884
7483
8064
3300
136
5408
1901
7934
5054
291
6365
7310
4849
1575
6540
1634
920
7601
3386
3984
7512
6873
1798
6807
2425
4486
3407
6808
729
4143
6755
5263
6090
2459
3047
4128
2099
6106
3096
7098
4015
657
3741
2108
6656
5170
5802
5243
3538
6028
6841
4346
7239
573
5163
1195
2513
6360
1211
4605
7502
5603
4824
2251
1277
359
1991
6451
5481
4006
4565
2635
3485
5172
6656
3749
1740
7114
6993
2494
3475
4448
5019
4754
4648
6168
5812
8119
5532
3831
4177
2850
4128
4081
5023
4995
6662
4605
5501
1588
4992
5552
5621
4281
585
2671
6944
4061
1340
7386
4940
6962
592
4037
6827
6010
4421
6645
7043
1197
4855
2907
7259
4907
6726
4941
4212
6147
1702
811
655
1258
606
6483
7177
2937
1935
4354
2679
5242
2044
3497
58
5740
1685
367
540
7824
7
5476
2522
7732
1116
6517
3495
987
6541
3410
7473
4800
2487
6899
115
2449
4893
5804
747
1318
6380
3503
2670
382
7977
5849
3047
239
7957
5572
1762
4227
681
3678
5110
7345
4919
6185
6053
2260
83
6541
7598
3850
83
6887
1655
2104
713
211
5355
6873
4133
4228
1551
738
4379
5889
6586
6185
3548
5383
7465
6277
2822
333
2764
7919
664
3817
1963
883
5476
1841
7367
1366
267
1840
3276
199
842
4012
794
7455
4621
453
3282
7363
1358
7661
1869
533
6552
2605
7661
6046
7821
4270
1255
8036
6669
2160
5457
7494
3568
7707
6785
4659
4934
1836
4266
3491
605
351
7098
7571
7020
7543
7057
4906
4463
3963
3105
7798
6412
3661
1461
672
599
3673
2144
5657
6296
789
2037
6446
4521
5000
334
5587
4805
4017
4507
1265
7871
8044
3014
6415
7681
3205
660
6267
6274
7703
2162
2236
4763
1459
5225
6842
7506
4194
2047
7988
8132
1737
345
4883
6394
7771
4720
3135
3897
1771
6114
7288
7018
5985
7070
3722
7602
2956
6342
4733
3120
3290
4905
6781
8182
7823
7755
4267
156
423
883
5658
1757
4273
7522
7752
5478
6928
6527
3621
6152
4578
5126
35
246
5935
5849
4748
7621
3908
3074
1545
50
2373
5876
7833
1518
327
7694
663
1515
7657
6833
5434
1603
1115
5885
4732
5114
3910
5898
2632
1064
7063
1910
2858
7456
7453
3882
3911
3667
5771
7812
6480
8149
3231
3705
1271
4191
615
6160
1143
5162
2461
1137
2678
2788
4763
539
5982
2546
7406
4706
1930
1566
1480
1620
5069
4203
2916
2675
331
2501
6664
377
7371
5549
5366
4007
1767
573
1591
7857
815
6691
5449
6087
4132
464
1538
2769
7891
7017
5397
629
8101
7195
4943
604
6592
6622
3931
3050
223
4734
2428
7346
2756
5463
1460
5680
3100
2504
1509
1996
4671
3925
7309
6369
6842
3057
1274
2461
7638
3131
6742
7642
625
3134
7206
3823
1830
4333
3155
2156
2044
164
1704
4975
3457
5993
8166
7448
79
2258
1630
848
5144
2791
4296
6373
2838
2525
6523
7360
5100
2811
740
497
4568
7405
6918
3638
5178
7540
6666
5606
1244
4094
3540
5716
7186
6011
529
5996
2432
310
4279
757
3345
182
8029
6377
5474
4051
3689
5827
4424
1550
2615
298
1637
6487
1192
6000
7570
7647
1729
1505
2362
7685
7163
4726
7609
1102
8116
6168
3792
5472
7240
792
4341
5260
919
19
3228
4556
4745
4630
2942
6886
605
2150
3185
4625
6314
1623
7421
2924
3311
6958
1572
2049
660
3471
1012
4635
101
6357
4
3325
6738
1202
6971
4976
5167
5334
703
6066
4381
6605
4325
3931
5345
2943
2549
2516
7178
935
5388
3207
3226
2742
1138
6484
6394
8009
2863
7929
5771
4163
3493
3531
4955
2159
471
793
7284
2376
3465
2488
4126
6023
2700
1321
864
2280
7415
7774
3406
5834
7988
1364
6217
5984
2530
6623
7032
6067
4617
6508
7616
1821
443
6276
1559
6888
4780
6014
4363
2727
8162
1231
1040
5735
7389
6019
6061
5239
668
7531
576
4254
3215
5710
1433
6435
6856
3210
2030
719
5952
6410
4297
7306
2352
6639
6143
506
2981
7821
4184
1005
2020
1855
2435
2874
5841
4822
5033
6466
5842
5591
8017
8030
2368
6407
4471
7983
2157
3558
2078
6467
3648
6472
1848
2451
7631
13
1918
6975
7520
4600
7811
915
386
1366
5157
4530
8142
5788
4262
681
7335
5340
6301
7081
4729
2830
2030
7483
7169
761
6547
3625
6729
1638
2726
5047
226
872
4038
7078
2185
7978
3356
5224
3534
5703
896
3788
5154
4441
7804
7289
7985
8047
3206
7851
3866
5871
8100
5102
3634
2079
812
2558
62
3189
5011
7841
5743
5249
3645
43
1480
5465
7776
6545
7908
2332
3409
2124
33
1720
4656
6703
6945
6080
2044
4455
6904
2904
6377
1137
7017
4115
2114
693
7953
6277
7648
3320
4381
7516
6547
8111
2134
2488
5152
7587
2156
4554
3459
350
2523
4033
5191
5467
242
7894
1115
1308
5310
4181
4206
7958
1179
789
2424
228
7882
7148
1263
90
7856
1844
6768
3571
2864
458
6726
1249
1221
7789
3015
3160
6525
1332
7856
4906
8119
590
3818
1231
7792
2747
5534
7461
3265
3632
794
535
1590
437
5983
2152
1318
5186
5573
8107
6379
5075
7414
4757
7883
1177
1740
407
4166
1029
6737
257
2188
1595
2562
4083
144
7586
5261
5580
756
4768
6449
2112
1840
1571
4712
4352
124
7600
6336
8123
7720
3435
6748
4497
4160
5843
5402
2948
7720
7157
3126
6221
6819
6947
6090
3635
8162
6670
913
7719
2334
1368
293
1605
4494
100
5341
8081
4357
1446
5722
1421
5796
4143
8
4040
1230
4648
2957
6064
1536
6222
604
6490
2037
4124
7834
3159
5578
3245
1145
1135
1879
3755
6409
6577
7339
3668
6596
3981
2676
3449
1676
7306
1262
5270
1017
7434
4534
5086
6506
7446
113
4795
4129
3428
657
4364
5886
4686
6998
6584
2398
5699
7129
6669
7300
391
6034
4715
2707
7678
4976
8185
5917
3249
1209
736
2367
7395
4624
1875
2587
1914
3428
66
2639
8114
651
262
4949
598
5853
5884
3353
536
6037
1533
1881
560
4045
5061
6420
5178
1500
8155
7699
5202
2001
4652
69
7061
6072
7146
7304
6125
1050
2145
4811
7646
5258
203
4370
4422
7236
5108
3932
965
6001
1036
5523
1673
7881
4175
4315
441
8114
2641
7624
739
3501
7589
4783
5682
209
4905
15
2664
4594
5701
993
3898
250
4451
929
2034
4062
19
1123
3116
2584
6400
4427
3608
3561
4367
4197
5382
5251
7596
2712
1275
1440
8153
2790
1504
494
5866
1825
4240
6076
5161
2864
4946
7130
736
2273
7608
7158
7968
2123
5127
4727
3357
7701
6233
299
4239
6617
984
3989
5174
562
4455
2993
1067
1850
7725
5337
1971
8052
4501
5561
201
1083
6033
3369
7996
5967
7205
2283
7098
1544
2520
5841
7306
4611
7472
6264
872
2913
4674
5798
791
1163
1895
4107
7777
2215
3726
7164
4909
8165
7986
5683
3843
660
5128
504
340
5566
7103
2040
2045
504
2801
3190
6103
3159
631
6028
4842
3880
2310
7495
3434
7792
3585
6417
6235
3387
5886
2661
698
7146
4045
1722
8079
7079
8012
5659
2057
3263
2540
149
7233
6172
6051
4124
1188
6597
7857
1154
6633
4857
2834
6367
7012
5556
1148
4112
1507
1565
8119
111
4649
3247
3513
4097
1239
45
2433
1649
5501
412
2043
4218
1021
7656
4744
6870
3687
5727
6360
3329
5031
6012
6664
1350
1452
1796
5114
2198
3742
6447
1039
3338
7824
8143
2964
7254
243
5426
3706
7132
2674
2817
4941
3653
2252
6077
6898
939
5970
7454
5456
518
3290
1808
6653
2569
1216
1368
4652
4705
7715
7764
117
930
7488
7084
3530
7358
3526
7370
3840
7883
3528
3893
1691
7867
2954
4604
4724
7628
6491
5388
8178
6733
1757
1100
1094
4164
5255
2818
1327
1523
2598
2137
5004
5795
2779
2410
6449
7345
7988
7767
308
874
4122
7171
1120
3243
7068
3516
7568
877
1886
3084
835
2914
7412
28
6513
6439
7170
3170
6270
7114
7890
2420
617
1702
652
5253
5837
5239
3965
7804
2066
7794
7039
2101
6754
4976
7244
4381
3972
7483
7784
3908
7360
2374
7098
1917
597
1296
2325
7221
4881
7724
310
879
4077
5684
3418
4111
7345
2590
1465
5798
540
4759
8037
3768
3672
3099
2130
2883
4405
5748
5914
4389
7757
7357
6828
6360
4169
6991
4216
4490
7826
1438
6104
4968
5956
4653
6561
4486
3065
4379
1651
7229
7956
1691
2196
4957
947
3373
881
7139
4924
3487
1842
3352
3274
58
1999
4356
3194
641
455
8014
4020
4090
2410
2364
6528
7891
2730
4427
5107
6275
7774
1902
3307
5111
5445
316
2696
3328
2620
3712
6929
4576
815
6339
3009
4970
5501
8161
1626
6545
8109
3456
8110
539
408
6792
3666
6508
4189
195
2647
6117
5942
2457
3005
7728
5480
4784
1941
5833
4088
6459
7001
7413
4119
4850
1588
5470
6737
5269
4408
344
3122
1028
1746
1080
3070
336
2029
7825
5911
1545
2223
2758
1717
865
6393
708
1787
4864
1389
573
6812
3915
1873
6597
5471
37
1167
5463
4909
4455
246
1757
6446
5904
2116
2259
5434
5697
6652
1290
8102
3400
7887
2749
1970
2645
421
4536
7825
2458
7869
7630
3318
5904
4443
1953
7921
1204
8123
2609
5992
5956
5590
7729
3281
1346
7893
3659
538
5790
5059
7522
3931
8121
2686
6191
3414
3648
3009
7882
3045
7924
4535
7063
3819
5069
1194
2580
8016
3228
329
110
3861
6353
1911
7663
2647
5965
6904
2836
3315
1469
7510
1539
2109
4151
1069
424
122
3607
1741
6972
2724
2835
3223
4312
990
4855
2573
5468
483
4328
199
3811
7026
1330
7907
2912
3793
4429
478
5254
6419
6702
2043
1029
6505
3452
4321
6614
5921
3202
4972
2122
3907
7590
846
6174
7978
3372
2013
1922
7509
2741
3628
513
365
6756
4039
1843
4631
1463
7595
4177
3152
1671
418
4241
6014
2552
2346
3112
5647
5135
4647
4657
8191
4046
7755
1539
1740
2766
3338
7699
5665
995
6508
3522
1616
3893
197
2787
7125
6635
3791
147
7867
3519
7043
2795
3384
2379
1354
6
3208
6906
2391
998
2557
3958
4702
148
5154
7215
5956
6258
307
5466
1831
5682
3725
1260
4839
1711
7353
3172
3713
6793
4215
4923
5083
7959
5161
862
7795
6828
6694
5790
4641
864
650
5213
4552
2385
715
5485
1097
5846
5812
754
632
7837
3751
4220
6202
4162
7107
3212
4690
6112
5539
5743
4806
4385
1416
3355
5413
4008
3799
3712
7327
1672
1138
3763
1627
2517
7598
7654
7764
1498
1259
1279
7141
3929
7740
2919
2424
4587
1968
5161
235
4781
2164
2598
2621
7428
4910
5835
3250
4082
5364
7935
6949
4300
6535
8027
1227
4883
6683
842
5027
1724
4935
3962
1396
560
7472
7226
2789
2686
7305
4723
2016
7166
4452
5989
2354
6963
6313
4106
3036
1963
5501
7068
1188
2378
56
2507
2316
7999
4360
86
2346
1070
1410
1738
7123
1390
6901
1704
4159
3543
3414
6336
685
7437
5507
7155
4556
6591
5234
353
4759
6771
1651
237
7724
6559
7509
3985
3045
1614
1660
1826
6235
976
3818
4650
3249
1418
4089
4941
4052
5620
486
6364
714
4884
6890
5242
707
6685
6469
2947
5349
3689
4947
1576
7061
1371
2537
1391
401
5402
3850
7964
2067
1094
1479
7097
2601
3441
6445
7939
5300
5304
6335
1266
2279
5565
4945
593
989
911
1943
7202
2781
5574
4013
7759
1853
2571
3386
4640
4488
5926
886
1693
4263
6130
1759
3611
6994
3443
1457
488
8
5703
7472
292
8000
6204
7354
7390
1416
6698
7978
2155
1477
1812
994
6398
244
6125
4841
1723
5995
769
4729
2074
6927
3143
6431
8138
6641
6350
1695
7667
2437
1033
377
5819
1308
5371
2122
7836
922
2686
6341
7452
6741
5134
1022
4826
1017
4921
3371
172
7433
6471
160
4861
2870
3524
350
7163
3404
2520
4337
1336
3839
6215
3358
6389
7004
5107
5944
7617
6956
6623
6155
5186
4121
3865
176
1436
1059
3607
4911
1376
7559
1608
1615
2074
1375
6282
5704
6439
4626
7371
400
1985
799
4714
3925
2937
571
7067
7647
131
914
2889
1392
143
1518
3935
612
1984
4642
2859
2963
1917
426
5705
7142
2498
7866
1426
1119
3382
8053
4400
4990
6413
2871
7131
1425
6759
6181
7293
7410
7421
6782
2279
80
7763
7073
907
7810
3023
5863
6338
4876
1482
1345
3174
1024
8058
2312
1157
4645
3912
6483
492
6172
7471
7222
3458
1587
5132
2473
1900
206
5299
4921
576
6437
6678
4280
804
5826
3921
5667
5287
3867
5037
5543
3098
981
7505
2415
4662
5217
5916
8074
1000
409
3461
1724
1509
8025
5167
667
7760
5866
7099
6396
3830
987
7380
2117
3721
4778
2391
2035
2189
7412
6987
6514
1373
6593
7890
2655
7092
645
2590
2663
7006
3961
1310
591
8170
6600
4357
4164
4002
2410
7037
5235
1588
4682
3536
498
3467
807
2217
6555
3873
3188
2381
4406
4968
480
1437
6309
7685
6963
1547
1079
6085
3393
1199
1965
6705
4094
6594
1215
3192
4309
284
1109
6833
1740
6676
6172
7337
74
4500
1392
4535
5957
4670
370
7710
6357
2971
7055
4733
2280
6461
4085
1626
4928
7734
2628
7958
2402
5833
2927
2365
3043
1916
6432
2907
3823
4486
4882
6379
4380
2901
4573
3741
1051
399
5524
3591
3242
6354
6211
6067
5821
6292
3358
2896
6524
6197
195
7508
2443
7040
7832
6402
3439
3300
1015
6298
5712
2466
376
6750
3486
3369
1924
6151
1553
565
3108
760
3026
3291
4129
1820
1358
768
2205
4499
3257
6288
3279
316
951
6588
3607
4977
4237
1092
2204
3643
398
5588
1479
3372
2787
6905
3715
7071
2087
4332
7179
7510
588
3064
2645
1854
4035
679
2784
317
5539
1799
4570
7836
594
1754
1853
5474
698
4637
657
4597
355
1393
2283
6494
326
424
730
692
5347
2074
765
2554
5351
8137
6275
2699
4341
7091
4867
3225
541
5977
2835
6969
4776
615
3521
3086
5164
1282
3406
1680
3544
5968
518
2351
7368
766
4076
6922
2571
5453
3325
175
2719
7071
1681
2772
6323
6327
3876
980
165
2814
4220
2546
1204
3707
5598
6879
7752
6593
8098
5040
6557
4869
848
7694
1930
312
809
6219
2184
2143
1291
1372
5158
5237
1428
4454
299
1212
467
8005
7652
6786
6944
1662
3852
2466
3977
3049
4148
6951
2604
566
3453
6070
7187
1077
7780
6708
1484
7697
4193
3124
7911
7109
386
7300
478
7100
5227
742
1186
4185
5202
5767
6244
456
1774
6770
4810
6902
4487
3429
2299
7500
7157
4249
8145
5352
8100
574
3521
666
6362
6431
2558
7660
5583
4724
5160
3288
4623
5058
6097
2334
7687
4191
7294
3829
7284
7354
7474
2881
2844
5396
6213
2061
7407
7945
643
5963
997
3709
5548
6678
5298
4320
7534
1302
2340
5178
7646
6973
1279
6186
3878
2671
6304
6731
1033
251
2779
84
4215
6084
1541
2524
7241
6086
398
2629
6645
4067
4362
7939
3082
6807
4738
5194
3377
5487
2194
1413
143
2944
6493
467
3031
2241
2893
3926
5301
2281
3319
2457
553
3628
4252
1210
3143
741
4144
1218
5194
3757
5976
6261
2425
2204
2365
636
6244
7243
1098
6614
118
1926
644
372
5021
6026
7928
4822
3364
1215
1470
876
3212
1135
6583
6627
4255
5243
6267
5930
5022
3035
2226
7518
7703
7239
200
4556
175
4365
7131
4663
548
600
308
655
5348
2894
6289
6020
5076
3824
3320
4849
4240
6395
4601
3658
1034
5221
3992
243
7874
815
6641
5912
1546
3877
1728
4672
6863
2212
6297
7822
4947
6298
6612
1244
2074
588
1401
7744
5435
7812
4109
7388
6376
3468
837
6343
2043
5141
1160
7831
5917
7673
7774
7772
5411
678
8018
2484
2109
2999
1562
4758
3788
7585
2781
849
7713
969
2569
7270
248
2001
5873
3170
3652
3233
3663
7896
7190
4083
7323
1393
942
7082
3406
4973
2469
3874
575
6556
2550
8032
6364
7788
2934
1328
4956
6344
3038
1526
578
6611
5671
3553
7477
3018
3241
2443
7760
7435
2255
5487
2052
1330
302
2331
479
5607
5667
2961
5108
7776
7268
4243
4872
6863
1668
6600
6552
4689
746
2692
1168
5758
3799
5228
3893
7839
2534
2850
727
2819
3369
7579
7827
7933
1866
5725
1225
3115
4747
7637
2765
6241
3172
4642
5967
6380
6332
4004
478
7952
1890
457
5819
1974
6812
634
7012
3459
7475
4377
8123
2839
8075
3200
5255
544
4874
6973
4195
2670
1093
940
4210
3741
5492
7519
6643
1498
1768
1101
1374
3538
4823
1165
1261
7424
6213
1443
1981
5020
6115
1009
813
5536
4548
1272
6024
7787
1612
6745
7861
2404
3453
1086
3924
6889
6386
1374
8163
4522
7521
6871
6460
2091
5214
5236
2781
7314
7856
1514
6991
7593
7998
8076
4590
4056
2082
320
954
7212
3177
4832
4536
7310
4992
6731
7245
4056
7823
3291
7171
2594
1721
1199
5548
6985
7616
4876
7962
1909
1214
6722
3054
2738
6011
2144
6556
7777
5040
26
247
2504
5104
4329
1453
6186
3142
1790
3164
2106
3535
3772
6793
6410
3468
1821
3392
7765
3534
8055
4214
5437
6247
3497
8190
7767
4055
6987
6439
876
8083
5781
6177
3826
3467
3186
7576
5818
789
7513
1670
4159
4275
2355
2691
5674
6503
3409
1098
1665
1995
2740
1422
5993
5358
1256
5220
5318
8139
2053
3939
6267
389
5747
4251
5510
8189
1784
6619
3641
1091
5701
467
6198
3974
7043
5496
7387
5848
5922
6243
6324
2049
4750
3702
5215
2102
5363
5777
2121
1386
1588
8122
5066
7538
6451
1503
6146
323
6069
2286
1249
29
7489
8042
239
5567
1635
5417
5435
6808
5217
2068
2250
1391
4900
6275
2572
5943
6634
692
6262
5331
5409
7422
2385
3124
8120
1331
1440
1234
5753
573
5534
5353
1459
4309
4540
4107
7936
6007
262
4057
7379
2711
5766
4250
7960
5173
2076
4495
7860
5638
773
2253
5639
2652
5994
5487
5773
898
3086
3835
5417
6943
5143
4108
6358
6745
2070
4985
1186
96
7174
433
5316
1986
6168
8061
3669
7488
4574
1082
1346
1338
7740
1151
4363
623
3863
3214
3791
6991
5830
7529
6101
1520
96
5711
3143
376
4310
7614
2286
6692
47
4006
3652
12
581
5786
4991
5307
6076
7013
8044
1799
1284
5701
5323
5230
2026
223
7093
715
5132
5311
7029
2897
6720
830
4410
6029
6943
7837
6858
906
7503
7515
5882
5296
7732
7979
2045
7521
6233
865
2162
733
1176
2990
148
1923
3970
4301
1204
2576
3970
863
6984
3448
1063
4020
3138
4236
5338
6772
991
3133
5220
3422
668
8185
7377
6765
7842
2567
6480
6328
3866
5036
7128
1679
2358
5181
1211
4161
7242
4466
4708
2371
1226
1461
1459
3961
1479
5600
218
5598
2237
3920
1683
5904
520
3492
6109
535
3323
3612
1938
5987
111
3801
7224
828
2163
1055
3689
4634
2914
2041
6497
5377
2643
3078
7652
5643
784
1386
5785
6785
7073
7140
1982
1974
5882
871
4244
1512
6968
90
3936
6427
801
8007
7253
8165
1816
1876
7621
1227
349
498
4114
1515
1104
6352
5350
4732
6134
3228
7073
1266
4563
7140
1204
7840
5217
2456
7157
5717
2746
8076
7146
4817
4998
1160
3105
5385
4522
4227
3182
4631
6330
6062
537
846
4383
4287
7548
4733
306
4026
1667
3007
2988
2285
3342
5242
7004
1011
3247
3163
829
2427
3724
317
4148
1578
6842
3854
1984
1725
1552
4590
90
7248
4563
6357
908
2749
5650
7295
5962
3384
7043
3991
7994
8012
4253
7607
1227
2690
2727
7793
5793
5111
7598
5272
1863
2855
7637
6399
5616
7572
3498
103
6507
7365
1206
2053
4072
11
6505
4343
2596
3384
4816
1172
5506
7970
133
6171
1931
4766
2081
4756
2904
6146
2874
2926
5177
1392
2774
2141
2662
842
3695
1760
6639
5856
5449
7904
1992
5757
3809
707
5427
3369
6251
1184
2659
2983
1004
4970
2889
6171
1164
7548
7538
7961
707
3216
7786
415
4475
6685
5142
5412
2130
2101
990
6279
6845
934
5215
5332
2666
5806
7238
6018
5542
6911
7965
6284
4182
1330
6142
5772
3307
7911
1604
671
3898
4140
2102
2755
2099
4285
7313
2527
2083
33
245
5905
5670
1459
8058
4408
3087
6676
249
6053
5191
6391
3949
5498
5528
6073
4611
680
2522
2832
6839
3432
6224
2046
7867
4686
6666
894
3189
572
7005
1466
4887
3770
5462
896
6938
2515
3878
168
195
6618
2886
921
6486
1978
3432
1035
4808
5076
2876
4407
4148
3938
6000
5799
6709
3110
1597
3770
2690
4025
3973
265
2391
6710
6996
5574
6064
6025
6424
6485
2981
1902
1330
2729
1923
499
7835
1823
3630
3522
388
3930
6188
4960
5216
1566
7935
3792
364
5472
1359
351
3378
970
2465
4715
7798
4024
6391
2775
6101
2629
890
3825
4144
6308
3659
2573
1012
556
5243
6722
5274
766
579
1796
6523
3401
3887
1984
2154
903
6041
1719
7857
5449
7933
1607
3098
1129
6514
710
8156
1029
5095
2198
1947
3052
2896
7475
1691
5649
243
797
2153
1827
5408
1224
3984
5292
7386
5061
5293
557
5947
6360
4682
346
7288
6837
513
332
3204
3597
6634
7110
4839
1711
1866
2317
6088
505
7219
2528
1295
7203
7941
3924
3539
4139
4445
2626
3313
2971
609
3080
7870
6559
2088
6776
1198
689
3399
3536
3887
1606
4168
7368
6654
588
6252
5672
7517
6296
6286
3212
87
3407
2167
4055
5603
5114
1714
5228
6846
5271
6171
4996
397
6397
7131
7939
1517
8070
7930
34
5995
5450
2999
214
2055
5114
2060
3961
7600
6484
773
439
5330
3340
4131
762
8186
4793
5925
5131
3078
1397
36
2519
6857
4202
6527
4505
6910
6426
1624
5906
4643
5291
4095
8177
7074
2209
5938
1280
7295
4352
8039
2460
2085
6812
6101
7049
6958
6446
1145
1456
1482
3911
883
5949
1723
1145
3712
5267
143
7788
164
2317
8147
5966
2074
1808
5701
640
5285
4426
7268
2971
6807
5145
326
2208
4200
5212
3308
781
7316
4593
4513
6788
5687
5199
5866
7305
1536
6307
3893
7719
3746
6205
8127
3367
4610
1542
6122
5711
4169
6488
7741
7447
2745
3809
4821
1979
13
3333
390
447
4896
7393
955
2099
1546
5240
4298
150
222
3726
2582
1881
8110
7121
6608
4369
6689
1160
862
5243
6180
1447
4907
6200
4877
7876
529
346
1595
929
860
5455
4807
1182
4480
1854
6598
4498
1811
3373
6488
3081
4658
585
632
3668
5904
4296
5720
3661
6963
3716
3838
1116
4407
921
7010
5148
6770
4764
3376
7115
2216
1908
5648
7946
2254
3548
4849
2204
7602
3456
594
5047
3654
4462
2906
4403
6341
7943
4275
1621
1868
2174
3233
1159
6809
7373
2859
2650
7647
5974
6432
683
2027
6328
6109
1692
6104
1826
209
6034
2141
2963
4667
4163
5977
2691
84
5468
7722
8126
4530
4431
4877
1705
6075
6797
1938
6561
6196
691
389
5431
1279
36
755
4039
2953
1625
5543
1200
5406
3175
5062
1683
2451
4765
6620
6080
6821
6395
2254
7790
6713
1815
5164
1848
2401
7603
762
6013
6393
2536
1870
5909
7395
1318
6284
6871
3235
5347
6970
1151
2641
5402
2415
8006
1295
854
7032
4399
3585
2657
3981
7842
7450
7011
2589
6184
2606
3779
2394
2281
2713
6457
1018
2124
1558
1824
3273
4913
5709
3760
7488
6865
2967
241
7710
2719
2909
5916
5490
7715
1390
8190
4139
5773
2118
3454
1574
6465
6405
6102
6839
4398
6766
620
468
73
1209
6283
6126
4830
4663
8029
5759
4158
3682
723
6892
6764
1679
5720
5041
3788
1469
5508
3983
959
3479
3893
3081
6710
2929
5434
3823
7704
832
5882
4108
3631
3857
3746
3069
3181
3906
2596
4811
992
3479
1209
4351
3119
6425
2025
2153
7663
1440
7717
6305
2564
6974
4820
6999
1247
6058
6014
7360
4057
3609
6750
3754
5276
7791
1066
226
5347
4021
367
2732
421
5735
7246
2005
3595
7803
3840
1119
2750
2919
7161
2499
3163
5074
4175
4445
923
6194
3734
874
7945
1727
3966
1833
1425
3510
2409
5947
4033
7968
7564
8090
7358
5815
4261
5696
2519
1924
3099
977
6858
88
3191
234
4113
5629
4485
5046
5069
6423
3624
1778
4300
5061
4410
430
3703
5515
4402
453
3376
8153
643
2268
7720
7480
270
5619
1619
568
4389
8191
5150
2471
6682
5727
6653
967
5537
4983
5242
7897
6894
3847
2320
578
1557
1756
1094
5657
2839
1386
2634
22
1286
266
5981
6933
7442
440
3701
7510
6318
5456
8049
5904
799
5654
5592
6531
7076
6400
262
5860
4421
6274
2803
5414
7941
7760
8138
7804
6840
8167
901
1709
7820
1065
2341
5958
7562
3648
3811
6012
4172
3611
639
5904
1383
1962
6072
1122
1029
2156
2071
437
5330
2444
5956
2094
4443
6581
6668
458
7223
1308
2366
1905
126
3691
3713
895
3800
3485
6525
2541
1554
525
637
193
8053
5368
1962
2200
6520
3740
3723
1694
6472
6241
6436
5756
7126
7291
6357
2493
1474
755
1634
3886
5778
2960
7097
707
7229
3406
7957
7926
2352
6703
7858
846
5777
8028
1902
1839
4303
1774
3745
288
5204
5297
4298
5321
1733
4144
6998
5881
5704
7152
2360
5959
2105
1764
396
4502
3155
7926
3903
1012
3501
2450
4908
2834
4614
5004
590
4980
4096
2437
812
6131
2212
935
3171
3902
3935
5495
5871
7931
329
2136
7759
4339
2359
3038
1149
8140
7846
7087
3652
1782
838
2704
5013
3149
7043
3087
5917
2049
3147
4667
3835
3493
6671
7817
7958
6885
3621
415
5139
6046
1988
3581
3457
6172
2393
1887
6211
3068
6763
4603
4402
4105
3942
4282
3627
893
5276
4702
3147
2923
3964
4145
4175
6875
6878
1019
1576
2755
2165
6360
6992
68
3657
7854
2341
7641
4930
6548
3925
4240
7767
3676
4114
1556
6727
8024
1749
7004
4456
3741
7717
5268
5200
3581
4224
559
563
3047
3130
6279
7475
5391
629
6306
40
3386
8019
6797
2665
2161
3737
4727
410
3713
7737
3942
7980
5270
6748
2165
2116
5621
5932
7825
2551
635
8120
3514
7056
3578
6831
4326
7317
2400
2519
5416
4034
2338
7508
6053
6180
722
5427
374
5622
3872
6326
7639
4027
6473
6587
2654
1714
1937
656
7229
3773
6712
3281
1579
8069
2762
2346
5004
6932
4658
6584
264
1018
4322
5415
245
6115
1086
2164
6683
6904
1122
6891
5772
6781
1366
3486
657
7002
2104
2251
7012
4554
2440
2387
5008
1393
1949
6966
5811
3953
491
4048
7652
708
2780
5421
3507
4737
2366
5093
6474
4685
3325
2363
1376
1146
2234
4592
4329
1320
3209
1625
1935
3081
5935
2454
6066
7792
3268
7173
7766
3047
6728
3310
4372
2261
5347
502
4375
6329
1125
3448
4466
1343
4067
478
3046
1523
2352
6551
1460
6030
471
3222
7283
42
4019
4346
4634
2398
5798
2127
5898
628
597
4803
3725
7797
6759
552
664
3258
1001
3542
4447
2891
5271
977
7184
6717
1147
2630
6515
998
1441
7350
6142
4553
4427
6731
7600
4102
2398
5724
1136
1094
2308
451
4465
6509
320
3210
3526
2778
6119
3276
3238
471
1566
7148
3699
4804
1866
121
6705
6125
7091
3294
7173
941
112
3133
6142
7522
5891
3103
4939
3146
1123
1843
4658
7194
7449
2094
6605
368
2365
4572
5563
1296
4247
2064
1072
7455
2241
2946
7802
362
4827
1887
3984
3381
5384
2567
527
7435
2182
4990
7991
1235
7542
2888
2653
410
6524
3773
6283
1983
4366
2278
6563
6618
2409
124
1138
3153
6816
4555
3576
1768
2120
5140
4038
5842
4152
4138
2802
5053
6458
7341
7164
6252
6315
3951
5638
1823
2683
224
3414
1043
223
2813
3391
6386
4633
5951
1434
5414
7689
3362
4010
1435
6532
7126
126
3508
2774
3396
5083
255
5364
7865
4740
7614
2804
3254
718
606
5119
7368
6992
4335
2902
2894
7237
2846
1469
7625
4609
3498
3307
3892
3516
1118
5392
5659
3176
7816
3185
1815
7651
6638
2254
1572
368
3746
2940
593
7308
5408
6065
1757
2923
4452
7579
6198
2509
1674
272
160
6239
8142
2052
7716
7941
3025
6559
4270
1247
1889
6919
7075
4460
3362
5775
426
4432
6731
4608
1086
1946
3567
6532
5253
6661
1159
6485
106
4736
7485
5409
2350
6095
7961
6541
6463
1563
5024
5106
394
4433
4281
4945
3688
3872
8121
6825
7457
3188
658
4548
6670
6330
1516
2787
2319
7200
2049
8011
3143
111
3254
5294
5559
6004
4495
7294
5587
5646
5341
2895
4821
7759
7574
6580
4541
6800
4990
5341
6782
2658
5216
303
7626
6818
3003
3194
5309
3145
6598
6818
6979
129
7837
3087
5993
6590
7078
6262
1060
3268
4480
3234
6392
7229
720
5070
7255
3709
1585
897
6390
7919
2881
7675
2810
4388
2965
5795
1518
3852
2281
7357
5495
2437
2724
5071
1679
6994
8038
580
3207
4846
270
1079
732
7577
5489
6822
6881
2736
6639
354
6719
7408
4103
7700
3529
2551
1143
6256
7274
7957
1424
6589
336
1248
2423
3549
7396
3467
7843
4363
5266
4515
4690
5649
5185
1261
64
5502
3518
2944
5820
5701
5621
7314
672
7434
590
2849
6770
7512
3787
4336
7
5534
3421
2277
2267
7519
1540
7332
4186
6158
7286
3483
4673
1259
6716
4699
4190
3390
739
6902
5418
2574
2841
5452
7929
5672
5106
3841
5663
2430
4613
7776
1785
4601
7741
5312
4322
2343
5632
4474
6448
5395
1140
6150
2040
6095
2510
202
2319
2181
7131
2951
544
2688
8119
7033
3346
6960
3317
7671
297
7329
4886
2402
5308
3169
4267
7689
2626
6338
5645
7920
5898
874
2677
1285
5598
3667
6305
690
3741
90
4064
3196
3015
5027
7843
4490
3109
6062
1557
5548
4099
2983
4810
1735
7117
7523
8112
8185
5589
7218
5978
2808
4041
920
4028
6086
4070
4980
8160
3725
6235
7546
6685
2031
1930
2757
867
7386
2293
4336
1618
3583
2229
196
5033
115
608
2086
7920
7221
1319
3643
7168
824
4908
1948
5826
5178
5867
7956
6449
2785
6604
3652
1033
6766
327
7198
1064
3624
3896
4768
729
2955
5839
4682
2560
7992
7447
2728
6423
7492
1078
345
1557
3402
8135
5078
2344
1647
2353
5645
1492
2540
4837
1358
7144
5180
913
2835
2552
3496
1575
6133
3845
4050
7284
16
7692
3159
6353
7842
615
2719
1095
1877
7390
681
6944
1165
5582
3981
6154
6392
4053
1269
6000
4242
1896
5171
2333
1308
1773
6840
2086
402
3210
5891
4240
1921
4163
6808
936
6912
3945
7775
6110
885
6176
2096
3309
2076
5900
2153
4753
4477
5486
1850
7572
6457
607
3140
1861
1858
6805
3898
1427
2041
3000
4969
6694
7751
4031
1806
1272
1544
8121
3220
4055
5966
406
4417
3438
7601
4356
2498
5514
3671
3710
6262
887
7187
6571
8089
438
1606
5242
5765
689
6816
3041
5745
6335
913
4810
364
5281
2068
3316
3123
2464
6719
7295
7820
5869
2235
6171
2588
4201
7657
7201
5910
7172
2717
4653
2644
5939
2405
1214
2042
180
7087
3042
5968
2557
6150
389
3083
337
3826
3529
4519
7822
2938
851
2164
2645
2286
3983
307
3944
6013
4720
4611
4810
1206
3050
758
6017
1975
2786
5436
496
2128
6856
1874
7240
3146
691
896
5629
4582
7458
2818
1110
3775
2964
1297
5875
1769
4140
285
6867
799
3157
4624
5895
6893
4424
1369
4716
6199
4775
7172
6434
7596
6293
962
7840
5678
6821
7645
3699
1607
5497
3538
3752
941
8128
6617
5455
1411
1828
5370
7004
4117
6538
774
7626
2417
622
5975
4085
1124
3853
2966
5083
2686
5927
5487
7567
7287
3140
4494
2833
5308
4161
1676
484
1970
8037
2274
1321
1964
7427
5460
5029
2558
5808
3154
2868
7069
3264
5895
402
3458
891
3541
4116
7501
2879
3546
7479
2380
3129
5077
5015
7970
6518
6563
1779
4771
5457
2509
7833
6902
5321
534
7899
7309
8076
2388
4832
2090
7806
675
7325
5250
2812
1020
3279
8002
7591
4606
128
4928
5689
7913
6429
1795
1868
1590
4161
7661
5093
7746
1604
5822
4892
4644
1146
5600
2910
4423
8040
5632
1666
2563
3546
5251
3492
1776
1517
2975
3191
697
3437
3326
5233
4017
1829
1213
1531
6753
8147
1642
1930
4639
5311
8179
7584
2198
4391
6017
863
7893
4355
6559
4128
6598
5662
8180
5138
6965
2838
5081
3198
4818
7820
2964
2315
2852
5072
7995
1970
2353
7808
6350
3902
5943
263
378
622
8081
1209
1533
857
1858
850
6967
2850
4106
24
4184
2323
2182
451
73
6853
6826
4480
4959
2526
6978
7989
5208
2206
4659
5196
6341
2890
3255
7712
2363
6057
6336
1361
1826
5216
4404
2621
5454
4071
2775
7996
6316
6496
1288
625
7564
3639
6524
698
7059
7733
5047
4560
477
5918
2727
4570
4765
4628
561
7119
6593
822
877
1952
7897
4529
6953
5628
7190
4001
24
1990
2661
392
1055
230
1650
6502
5198
1603
6251
3770
3604
2587
7969
4114
6222
6923
1948
6928
1595
6775
137
6800
2106
7235
6816
1958
381
3639
7514
182
3906
4071
7448
6633
6373
4001
6810
3189
630
3501
7154
6016
3500
2369
5957
8003
3550
689
1269
4051
4280
535
227
2752
2682
4678
7079
7381
5147
5198
2317
5945
7314
2570
2235
4314
7232
3686
4520
1817
6085
2854
7532
3118
6934
3823
5146
5110
6421
1900
5465
4933
6332
3171
892
6258
3886
7878
3980
5449
3018
7358
4729
6542
1519
2112
647
745
1683
5098
6941
2753
7245
423
5990
7751
1860
5199
2456
6555
4708
413
7470
3826
1552
4612
6789
2093
6551
6571
1973
8154
3864
3998
6671
290
364
6339
3201
319
3350
672
6860
7393
464
4675
3165
5529
1604
5652
4612
1177
7751
4739
4444
5760
3673
2801
2684
7845
3447
8079
8009
7594
5867
77
4054
5967
5480
2979
1940
5666
4814
6306
4597
2384
1732
5784
523
2755
4509
7606
2731
826
4147
1136
6342
4413
3551
4589
1934
2361
1764
2233
8145
5056
683
3119
7803
7768
6737
4491
6237
6037
7452
2754
1272
5332
5888
6241
852
5087
587
6592
324
704
7973
3107
2137
6612
3052
6945
6052
7810
6086
1346
5228
5823
3087
4244
3838
5766
5636
940
3721
6175
7159
6835
3503
4040
6658
5665
6350
4943
4702
5449
495
6284
7130
6976
2500
1054
6873
3548
2311
1802
6894
3664
7090
193
2702
1983
5380
3944
207
1218
7899
1447
5570
6229
2660
6367
7898
1277
2029
6311
5686
7813
5584
8051
6297
5096
7367
6421
941
4462
3498
7720
3277
7291
2088
341
5736
7426
5061
5425
1039
2881
8141
1662
1724
7717
6506
13
5556
8095
2256
948
7519
3194
597
6437
4776
3440
807
6373
3430
7458
2829
6896
6611
4939
8033
6036
6998
2061
2969
2613
633
1176
6357
1146
1049
6340
4434
6540
1792
4692
683
6571
2834
5078
6417
961
3422
6717
1858
4895
4062
7003
3783
4428
4706
4569
1973
1630
2774
8009
45
7305
6640
412
5192
5691
4792
2472
1477
4356
6203
5169
7891
7278
5709
6882
2106
4995
3794
7862
3397
1292
588
4050
6062
6961
5229
6285
5280
4788
7705
4449
1867
1985
3858
7185
988
5774
374
5348
2294
3280
3672
7530
616
5116
407
7317
7117
140
3628
2404
7930
3614
5488
4338
926
6649
6828
5121
441
7219
6031
5608
4177
4811
4690
1359
1996
6640
5925
2584
6593
4449
7629
2753
7841
6646
6742
2762
8009
6362
922
7204
574
2692
2387
1108
4572
8147
376
7426
3153
8108
5142
1302
5177
6643
3768
3598
2205
4654
1054
6268
3675
5325
6198
7698
1975
5963
4050
8084
4113
1612
2523
5762
2580
986
3758
3671
2596
4446
4423
7596
7085
5089
7110
1717
7756
5373
4682
5964
4990
4135
1916
7690
2990
4713
1956
3083
624
1030
4558
3506
4202
6362
375
4400
4697
2043
1008
1253
6220
3935
7869
2990
2017
4188
607
2079
7538
2403
6
7255
2382
5041
6124
461
6477
3741
1923
1780
6221
6450
1737
34
2841
1243
1419
6816
5654
5625
7651
5447
3211
6291
4208
1961
3915
3694
1876
2404
3616
6326
7045
1523
4157
6553
36
2382
527
6845
2851
5799
593
1256
2521
6361
6053
1400
575
1211
4212
4389
3054
3365
4195
5035
6710
4528
2733
5188
1405
4495
3302
6940
7743
5795
6161
6087
7928
6429
4417
2331
484
3481
6766
4218
40
7825
3892
4921
7378
5048
6223
2636
2049
5794
38
4447
7721
745
4078
6692
607
6667
415
5611
1640
18
264
6014
6930
4223
7299
290
2300
2831
914
2232
5651
2501
523
7860
7503
7705
1642
3841
531
6041
6429
5797
824
7244
4972
6599
3356
292
4931
7787
3958
4508
5470
7615
6723
4153
2620
935
6883
6766
6223
6243
5093
190
7599
8027
2525
3517
5694
3860
5964
1016
3154
7943
4453
6789
6144
6100
7425
5040
5202
6322
1086
4083
1388
4557
3194
7297
1200
3912
3162
8105
4136
1199
6711
4813
5026
1638
944
4637
4470
2083
1225
4923
1523
1816
923
7923
7572
6008
8113
7630
6119
674
6840
1515
5741
4557
6746
2562
2492
5364
1815
210
2942
7152
5610
666
4288
1514
5531
5025
5626
1867
1536
2315
6495
3853
7979
7625
7777
2083
1780
4813
8035
6922
2398
7777
5092
1418
1904
1553
1832
3218
4619
7372
5656
1640
7111
3997
5445
7166
1089
6171
1700
4350
3783
248
456
1395
227
332
2759
7520
1571
7219
4289
5345
1584
5952
5019
8022
6147
2547
5024
6601
5966
7960
4175
2346
7099
3759
7526
4626
4070
2141
5785
7918
4345
3417
1914
2560
4037
4663
5069
209
3894
8155
1410
1703
8018
7600
7241
6925
2705
2379
5199
4321
6052
203
3805
2860
7093
449
2708
84
6112
1779
7986
1064
7610
6465
6601
6291
1381
5432
5175
3654
8049
3390
573
1504
7504
856
7892
2871
5343
2984
7952
3022
7087
1685
322
3178
2593
7854
7513
1351
4010
2042
4250
1857
4701
7589
3472
3135
7136
3475
2117
2556
2994
470
1744
7862
7935
7368
4660
1096
5295
303
2377
8022
4780
3067
3795
7991
6153
5422
4056
364
5521
6682
3321
679
232
6543
4189
2699
4467
5343
1038
245
7261
5281
1835
6068
7933
6404
504
5640
1048
617
4963
83
3817
2977
6759
5026
2768
1007
236
1807
6924
4250
7757
6936
1087
7551
57
1731
4537
6122
6264
881
2282
6344
7365
4519
4817
553
8040
783
374
2862
222
2336
4034
5308
7324
1282
5518
3270
8170
3643
3750
7839
5848
7218
4063
6632
6154
3437
5249
2229
5848
2441
785
1889
165
5018
5041
5942
1351
1644
6917
177
3339
3864
2390
7589
1226
6562
2575
6146
2299
7365
6035
4990
3129
2851
2893
202
160
2021
582
5529
810
4588
411
82
7704
4852
221
3829
7738
5987
3603
4781
3169
6209
6599
899
4233
1162
4466
5859
543
4729
4836
2104
7450
8063
2326
2670
5722
2061
3661
5508
1260
2739
6858
4698
3578
1979
2982
5123
7624
6995
2517
1970
2680
274
7207
1824
2525
6502
7265
5422
2252
2408
593
3599
4486
4657
2422
3398
4972
3113
5721
6488
1691
5219
7786
6704
2729
7403
7437
2552
7164
5558
1503
1168
5275
598
2307
5851
7171
662
6901
2527
45
6748
7346
3651
1500
4747
6300
6371
3783
2768
6153
4720
5071
3841
8060
2250
3220
3322
1281
2991
941
1604
7221
7907
260
1848
5256
5554
3802
2389
3116
5888
4094
5470
4105
2789
4195
4474
6288
1046
8100
5894
3020
7741
1522
336
7559
195
8040
6771
839
4783
862
1335
5892
2753
690
865
6737
3958
6384
4
5389
2203
1042
7787
1338
4308
4475
4828
1721
7726
5539
3183
5505
1797
4001
2600
7551
6875
8161
5303
6644
6068
4290
3495
502
4997
6619
6471
1739
2589
6190
7826
3937
719
7275
7741
5463
2769
7793
5353
3329
4941
5532
5033
6825
2503
5794
3061
601
413
4666
6359
6548
7251
3806
1558
3879
4026
4366
142
3652
1072
289
268
18
3846
7679
5951
149
1466
5876
7632
3739
5098
2813
3775
3654
4409
3203
587
5428
5156
315
7831
5865
3529
1742
5898
8123
42
5856
7309
398
4184
5348
6207
1318
6214
5140
3733
5851
5602
5415
8032
104
3948
7641
7619
592
5608
5587
4519
3365
1
5607
394
6731
4317
809
8145
16
2569
1096
4860
4175
7701
3506
7306
2912
1704
4671
6479
499
3464
2131
226
7421
4584
7563
2942
3793
4985
4094
323
1707
569
6094
5711
6316
1771
7680
6503
1946
7232
8086
4783
2277
8075
4616
4804
7034
2538
1799
7606
349
5233
2621
7939
1094
5367
4093
4686
7839
777
1482
3861
6835
8049
1532
7156
1589
7183
4487
6006
3153
4059
3082
6791
1520
7280
7801
4935
3844
807
3871
6327
1984
4253
7959
4592
5838
5050
5521
2325
4529
2733
623
3559
1359
812
6277
6508
4750
3686
6997
6005
6603
5013
5643
4209
6528
544
5650
796
7393
7589
6473
6007
2553
4133
4117
2430
7330
4594
4521
2133
1308
4628
4947
7568
3067
5685
6839
5942
7863
7807
580
3567
7150
4740
3069
6287
1493
203
2410
3905
3427
1745
2772
5373
4047
1068
4252
3974
2008
1596
1996
5986
4268
3139
2153
3411
5006
7196
3562
1303
7314
6362
3838
484
3401
1508
5051
7295
5075
1479
1100
6680
1547
5452
5307
3074
5698
7421
7709
79
692
5998
7532
4541
2588
1660
805
6227
5576
2017
1262
7158
2043
2203
1813
1610
6406
518
3244
4798
5892
766
4609
2799
7393
3876
2405
3293
4992
5954
2690
2342
6507
7446
4180
5252
7663
3126
1057
3123
1662
6069
2071
3039
2450
838
6861
432
128
3673
3709
5683
3906
4992
2108
4010
889
7974
773
1943
3184
2650
320
7438
3981
4882
4519
1037
3563
4165
1870
2507
6245
2015
4597
1569
4886
7603
5503
5119
5241
6296
5234
7634
6149
3377
2215
142
6537
2388
2709
6673
3050
2003
5907
3983
4356
4173
5515
6556
1328
2837
7894
4103
4484
3263
5272
4998
1385
6670
154
2656
4592
4889
1382
1121
5444
3999
2316
5675
5930
3702
3963
4698
2947
7170
5190
1456
3774
4254
1907
2357
4595
7692
7319
222
7999
1014
6025
1720
4145
7939
2373
4409
4756
3634
2140
4196
3591
8169
4639
359
7861
3796
8132
5398
7681
8123
2480
3331
5874
451
4864
3993
5335
3083
6713
4207
6659
3236
7763
6847
6937
2053
6312
5205
218
7373
5560
3100
1164
473
1263
5542
1600
7171
4360
6163
2925
2859
64
2265
6401
891
4495
6230
5605
5901
4079
3639
2197
5843
1974
3481
2226
7862
3786
7455
8115
5136
5397
7602
7182
7692
5866
5399
2232
2527
2529
245
3776
6606
4917
1427
1282
2756
3162
3074
3880
4841
2513
6255
4861
6646
5492
1791
756
3441
4116
7949
5603
5673
6080
3965
7219
1353
5262
3869
3750
3742
7189
6143
1338
3973
1263
537
5856
6201
835
5772
7394
7472
3028
2439
5399
655
3265
6976
353
6897
5498
538
3313
6204
8140
6245
530
236
6831
215
7811
513
8010
7948
8015
3799
7778
8037
7461
4492
2108
5560
874
2606
5225
4027
188
1783
8018
6720
6339
7961
3896
7022
5056
4976
969
5230
3806
121
5738
2000
1213
2988
7279
7313
825
4158
2348
1595
2909
3617
8011
8114
6817
5898
3510
7892
8084
4922
3341
6807
1171
221
2614
1054
5318
4376
7965
7513
1071
5197
7078
5827
847
4250
6581
2774
4396
2729
5188
4857
2074
1742
4914
4549
3855
4362
7540
3068
1151
7204
3671
4301
6642
3400
2065
7694
4061
514
7931
4975
7657
1387
585
7306
6401
4014
5938
6972
6434
7436
4945
6027
1691
6324
3771
5936
2200
493
869
957
7330
2399
5893
697
5201
6058
6584
5875
1977
4323
7160
1637
6602
6766
6653
3365
4164
7531
3101
7602
4691
2336
2203
890
7186
2879
2711
6174
1755
4462
5750
2585
4122
1723
490
1795
2992
4824
3248
6520
4866
8162
4168
3682
7308
6556
1181
7397
1456
3782
5296
7230
1087
3893
2463
543
133
2364
8172
188
805
3047
4213
5316
579
3216
5381
189
1152
5020
6906
7292
257
324
6796
1318
1206
6162
1857
7609
5665
796
165
6829
4453
6957
3651
7929
2907
7451
3962
4207
2062
7693
6254
3967
423
3908
3668
1827
2337
3128
3478
119
511
6970
7506
3918
6914
1557
490
3731
1141
7492
4695
2659
5011
4758
6824
28
7031
75
3426
297
3762
5586
7078
6803
6029
1517
2367
2426
7432
4368
420
2813
816
1742
2857
1472
4195
2181
7624
3320
1766
7108
7809
582
6612
5086
5022
1730
6920
3504
395
5857
4490
6248
1336
4969
1829
6167
3242
7951
6525
5748
40
4190
3666
6634
3925
3883
6581
3946
557
6310
3085
41
7325
2768
6149
5806
3510
1537
3813
1865
3249
1832
1252
7513
1103
5960
3158
680
4516
4948
1022
6020
6253
7016
7386
3211
814
6577
6399
6566
20
6496
1914
5491
6113
3643
6148
7522
1784
8091
408
7907
513
2273
1277
7891
4351
4137
2600
997
4790
7708
3646
5694
3340
845
3792
2313
14
1193
1123
5574
1099
5848
5619
1459
4322
7373
7300
1953
6964
5871
6659
4603
1386
7190
2491
3839
8131
7097
6360
7828
5072
6143
4042
1185
905
8096
5438
6020
7663
2700
6817
4080
65
4793
2386
3767
8147
5452
1401
5653
756
2575
3488
2232
7807
6637
4102
643
5017
7278
892
1089
4829
6868
2374
1784
1690
2684
76
5234
3743
6901
5447
7413
6513
5330
3073
1507
1888
392
1585
3908
3346
238
7789
2057
4096
7361
2241
38
7867
1217
1371
5798
4332
7757
337
8002
2826
195
237
585
1434
5323
2163
4735
3946
6496
3099
6948
2098
5897
7422
5512
749
694
5231
1758
1025
4182
7521
1420
506
3213
5839
4137
1030
190
2822
4536
1853
4226
3646
1611
7295
4230
66
7271
2174
4471
7713
2820
1291
3039
7305
7717
1845
313
722
5768
7344
6704
6700
4379
6844
131
6619
900
409
3056
1563
4729
3408
1395
7795
117
1062
2708
3030
7965
5390
1423
1890
4062
1929
3986
5832
6533
8037
2687
2233
3634
6592
2571
3596
244
3989
7113
5717
649
4487
1577
2214
3153
6113
927
880
3722
4699
7649
1537
5950
6512
2601
8174
565
5504
6187
6537
7312
6101
4226
7575
2433
620
621
4109
5916
2946
7091
5556
7174
6615
8005
636
4254
6509
30
6910
2621
7219
7807
2956
1602
3711
5794
7227
6179
1789
4968
3238
6942
4715
5877
6463
2636
1055
2400
6768
4787
6086
7580
3705
200
4870
2548
2609
93
7767
2046
671
4737
3330
1125
3877
7247
2244
3602
3678
5106
3302
3077
472
921
4079
5950
1921
3450
5565
4424
2926
3677
1124
5858
3909
8131
5360
4379
956
7759
4490
1346
7942
4082
2550
5727
6881
3877
5700
2658
3818
4557
6198
4909
1571
2988
1023
2694
6006
769
3978
2520
7049
5054
3899
5886
6524
2383
3175
6481
4279
6723
5053
4612
1832
1124
4683
1294
3949
3634
742
6509
7532
1175
4573
7691
1263
7716
932
2539
5728
6397
1969
2343
6535
5143
6592
960
7067
2454
2396
7804
6719
1406
5461
2490
757
5517
3107
1549
4305
958
4995
7246
2185
4573
4930
1907
3248
6624
7809
5328
1585
2544
874
7402
7181
5647
7515
8107
6944
2575
5554
7571
1145
66
745
2196
3501
722
3582
7999
4317
4929
1938
6347
3517
7405
3936
1457
1345
4590
4776
3413
8114
7710
3265
5062
6360
2185
3680
2665
7706
2601
1194
6775
7085
4214
5221
2308
3026
5684
5328
4652
1841
1232
4460
3293
180
4359
7301
1148
1997
7876
2833
6884
4165
4104
7425
3787
4502
2733
7597
2927
1107
7946
2808
4596
2832
4467
3790
3929
1216
90
5818
6029
1766
3498
5440
5214
2634
6834
3762
4864
2148
4243
6310
742
846
1033
2999
